[
  {
    "pref_based": true,
    "M": [
      [2.7289780077619703, 1.8384199134199097],
      [0.9263843648208471, 1.9924586776859499],
      [1.76955903271693, 1.87472451790634],
      [2.68840082361016, 1.51515151515152],
      [0.81304347826087, 3.28728191000918],
      [1.26487252124646, 2.69536271808999],
      [2.3680709534368103, 1.03246753246753],
      [0.551854655563967, 4.48545454545455],
      [2.24713375796178, 1.5798368298368302],
      [3.73054755043228, 1.02]
    ],
    "b": 1,
    "phi1": 0.0691137378894966,
    "phi2": 0.027244310306239396,
    "sig2": 0.830999356168132,
    "threshold": 10,
    "w": [[0.5], [0.5]],
    "D": [
      [0.4034, 0.5334, 0.0632],
      [0.4224, 0.47, 0.1076],
      [0.2028, 0.2468, 0.5504],
      [0.3702, 0.4964, 0.1334],
      [0.2168, 0.2232, 0.56],
      [0.4084, 0.3214, 0.2702],
      [0.1484, 0.7956, 0.056],
      [0.2252, 0.224, 0.5508],
      [0.3674, 0.399, 0.2336],
      [0.4964, 0.4376, 0.066]
    ],
    "test_D": [
      [0.5852, 0.3552, 0.0596],
      [0.3514, 0.5582, 0.0904],
      [0.2586, 0.6238, 0.1176],
      [0.3928, 0.3614, 0.2458],
      [0.566, 0.3476, 0.0864]
    ],
    "idx": [
      [1, 2, 9],
      [1, 5, 9],
      [2, 4, 7],
      [0, 2, 6],
      [1, 4, 7],
      [2, 4, 5],
      [6, 7, 9],
      [0, 4, 7],
      [0, 4, 8],
      [2, 5, 9]
    ],
    "test_idx": [
      [0, 8, 9],
      [3, 5, 9],
      [5, 7, 8],
      [4, 5, 6],
      [5, 8, 9]
    ],
    "whole_D": [
      [
        0.0916, 0.11, 0.0808, 0.0456, 0.1494, 0.109, 0.0412, 0.3426, 0.0226,
        0.0072
      ]
    ]
  }
]
